2.011476785596260e-01
-1.484331351666886e-04
-2.012710654194965e-02
-1.560350319886968e-02
-1.560350319886968e-02
-6.950576578449097e-04
-6.950576578449097e-04
-6.967720362168153e-04
-6.967720362168153e-04
1.884254282083404e-03
-1.266687008471327e-03
1.317721179745254e-03
-2.012710654194965e-02
-1.560350319886968e-02
1.560350319886968e-02
-1.484331351666886e-04
2.247026889810430e-03
-1.769818260280265e-04
-1.769818260280265e-04
-5.969993154469828e-04
-5.969993154469828e-04
-5.969993154469828e-04
-5.969993154469828e-04
3.275990028312875e-04
3.275990028312875e-04
3.275990028312875e-04
3.275990028312875e-04
-6.950576578449097e-04
-6.950576578449097e-04
6.967720362168153e-04
6.967720362168153e-04
-1.266687008471327e-03
-1.317721179745254e-03
-4.663386450758933e-04
-4.663386450758933e-04
-1.266687008471327e-03
1.317721179745254e-03
3.275990028312875e-04
3.275990028312875e-04
3.275990028312875e-04
3.275990028312875e-04
-6.950576578449097e-04
-6.950576578449097e-04
6.967720362168153e-04
6.967720362168153e-04
-6.950576578449097e-04
-6.950576578449097e-04
6.967720362168153e-04
6.967720362168153e-04
2.247026889810430e-03
1.769818260280265e-04
-1.769818260280265e-04
-2.012710654194965e-02
1.560350319886968e-02
-1.560350319886968e-02
-1.266687008471327e-03
-1.317721179745254e-03
-6.950576578449097e-04
-6.950576578449097e-04
6.967720362168153e-04
6.967720362168153e-04
2.247026889810430e-03
-1.769818260280265e-04
1.769818260280265e-04
-5.969993154469828e-04
-5.969993154469828e-04
-5.969993154469828e-04
-5.969993154469828e-04
2.247026889810430e-03
-1.769818260280265e-04
-1.769818260280265e-04
-6.950576578449097e-04
-6.950576578449097e-04
-6.967720362168153e-04
-6.967720362168153e-04
-2.012710654194965e-02
-1.560350319886968e-02
-1.560350319886968e-02
-1.484331351666886e-04
-1.484331351666886e-04
-2.102332528748474e-02
1.884254282083404e-03
-1.266687008471327e-03
-1.317721179745254e-03
-1.266687008471327e-03
-1.317721179745254e-03
-6.950576578449097e-04
-6.950576578449097e-04
-6.967720362168153e-04
-6.967720362168153e-04
1.884254282083404e-03
-2.102332528748474e-02
-4.663386450758933e-04
-4.663386450758933e-04
1.884254282083404e-03
-1.266687008471327e-03
1.317721179745254e-03
2.247026889810430e-03
-1.769818260280265e-04
1.769818260280265e-04
-1.266687008471327e-03
1.317721179745254e-03
-2.012710654194965e-02
1.560350319886968e-02
-1.560350319886968e-02
2.247026889810430e-03
1.769818260280265e-04
-1.769818260280265e-04
-2.012710654194965e-02
1.560350319886968e-02
1.560350319886968e-02
2.247026889810430e-03
1.769818260280265e-04
1.769818260280265e-04
1.894828596202557e-04
1.894828596202557e-04
1.894828596202557e-04
1.894828596202557e-04
1.894828596202557e-04
1.894828596202557e-04
1.894828596202557e-04
1.894828596202557e-04
2.247026889810430e-03
1.769818260280265e-04
1.769818260280265e-04
-2.012710654194965e-02
1.560350319886968e-02
1.560350319886968e-02
3.275990028312875e-04
3.275990028312875e-04
3.275990028312875e-04
3.275990028312875e-04
-4.663386450758933e-04
-4.663386450758933e-04
3.275990028312875e-04
3.275990028312875e-04
3.275990028312875e-04
3.275990028312875e-04
-4.663386450758933e-04
-4.663386450758933e-04
-6.950576578449097e-04
-6.950576578449097e-04
-6.967720362168153e-04
-6.967720362168153e-04
-2.012710654194965e-02
-1.560350319886968e-02
1.560350319886968e-02
2.011476785596260e-01
-2.102332528748474e-02
-1.560350319886968e-02
-2.012710654194965e-02
-1.560350319886968e-02
-6.967720362168153e-04
-6.967720362168153e-04
-6.950576578449097e-04
-6.950576578449097e-04
-1.266687008471327e-03
1.317721179745254e-03
1.884254282083404e-03
-1.560350319886968e-02
-2.012710654194965e-02
1.560350319886968e-02
-2.102332528748474e-02
-1.769818260280265e-04
2.247026889810430e-03
-1.769818260280265e-04
3.275990028312875e-04
3.275990028312875e-04
3.275990028312875e-04
3.275990028312875e-04
-5.969993154469828e-04
-5.969993154469828e-04
-5.969993154469828e-04
-5.969993154469828e-04
-4.663386450758933e-04
-4.663386450758933e-04
1.884254282083404e-03
-6.950576578449097e-04
-6.950576578449097e-04
6.967720362168153e-04
6.967720362168153e-04
1.317721179745254e-03
-1.266687008471327e-03
3.275990028312875e-04
3.275990028312875e-04
3.275990028312875e-04
3.275990028312875e-04
6.967720362168153e-04
6.967720362168153e-04
-6.950576578449097e-04
-6.950576578449097e-04
6.967720362168153e-04
6.967720362168153e-04
-6.950576578449097e-04
-6.950576578449097e-04
1.769818260280265e-04
2.247026889810430e-03
1.769818260280265e-04
1.560350319886968e-02
-2.012710654194965e-02
1.560350319886968e-02
-1.317721179745254e-03
-1.266687008471327e-03
-4.663386450758933e-04
-4.663386450758933e-04
-1.769818260280265e-04
2.247026889810430e-03
1.769818260280265e-04
3.275990028312875e-04
3.275990028312875e-04
3.275990028312875e-04
3.275990028312875e-04
-1.769818260280265e-04
2.247026889810430e-03
-1.769818260280265e-04
-6.967720362168153e-04
-6.967720362168153e-04
-6.950576578449097e-04
-6.950576578449097e-04
-1.560350319886968e-02
-2.012710654194965e-02
-1.560350319886968e-02
-1.484331351666886e-04
-1.484331351666886e-04
-1.484331351666886e-04
-1.266687008471327e-03
-1.317721179745254e-03
1.884254282083404e-03
-1.317721179745254e-03
-1.266687008471327e-03
-4.663386450758933e-04
-4.663386450758933e-04
-1.266687008471327e-03
1.317721179745254e-03
-1.484331351666886e-04
-6.950576578449097e-04
-6.950576578449097e-04
-6.967720362168153e-04
-6.967720362168153e-04
-1.266687008471327e-03
-1.317721179745254e-03
1.884254282083404e-03
-1.769818260280265e-04
2.247026889810430e-03
1.769818260280265e-04
1.317721179745254e-03
-1.266687008471327e-03
1.560350319886968e-02
-2.012710654194965e-02
1.560350319886968e-02
1.769818260280265e-04
2.247026889810430e-03
1.769818260280265e-04
1.560350319886968e-02
-2.012710654194965e-02
-1.560350319886968e-02
1.769818260280265e-04
2.247026889810430e-03
-1.769818260280265e-04
1.894828596202557e-04
1.894828596202557e-04
1.894828596202557e-04
1.894828596202557e-04
1.894828596202557e-04
1.894828596202557e-04
1.894828596202557e-04
1.894828596202557e-04
1.769818260280265e-04
2.247026889810430e-03
-1.769818260280265e-04
1.560350319886968e-02
-2.012710654194965e-02
-1.560350319886968e-02
3.275990028312875e-04
3.275990028312875e-04
3.275990028312875e-04
3.275990028312875e-04
-6.950576578449097e-04
-6.950576578449097e-04
6.967720362168153e-04
6.967720362168153e-04
-5.969993154469828e-04
-5.969993154469828e-04
-5.969993154469828e-04
-5.969993154469828e-04
-6.950576578449097e-04
-6.950576578449097e-04
-6.967720362168153e-04
-6.967720362168153e-04
-4.663386450758933e-04
-4.663386450758933e-04
-1.560350319886968e-02
-2.012710654194965e-02
1.560350319886968e-02
2.011476785596260e-01
-1.484331351666886e-04
-1.560350319886968e-02
-1.560350319886968e-02
-2.012710654194965e-02
-4.663386450758933e-04
-4.663386450758933e-04
1.317721179745254e-03
-1.266687008471327e-03
1.317721179745254e-03
-1.266687008471327e-03
1.560350319886968e-02
1.560350319886968e-02
-2.012710654194965e-02
-1.484331351666886e-04
-1.769818260280265e-04
-1.769818260280265e-04
2.247026889810430e-03
3.275990028312875e-04
3.275990028312875e-04
3.275990028312875e-04
3.275990028312875e-04
3.275990028312875e-04
3.275990028312875e-04
3.275990028312875e-04
3.275990028312875e-04
6.967720362168153e-04
6.967720362168153e-04
-6.950576578449097e-04
-6.950576578449097e-04
-1.317721179745254e-03
-1.266687008471327e-03
6.967720362168153e-04
6.967720362168153e-04
-6.950576578449097e-04
-6.950576578449097e-04
1.884254282083404e-03
-5.969993154469828e-04
-5.969993154469828e-04
-5.969993154469828e-04
-5.969993154469828e-04
-4.663386450758933e-04
-4.663386450758933e-04
-4.663386450758933e-04
-4.663386450758933e-04
-1.769818260280265e-04
1.769818260280265e-04
2.247026889810430e-03
-1.560350319886968e-02
1.560350319886968e-02
-2.012710654194965e-02
1.884254282083404e-03
6.967720362168153e-04
6.967720362168153e-04
-6.950576578449097e-04
-6.950576578449097e-04
1.769818260280265e-04
1.769818260280265e-04
2.247026889810430e-03
3.275990028312875e-04
3.275990028312875e-04
3.275990028312875e-04
3.275990028312875e-04
-1.769818260280265e-04
-1.769818260280265e-04
2.247026889810430e-03
-4.663386450758933e-04
-4.663386450758933e-04
-1.560350319886968e-02
-1.560350319886968e-02
-2.012710654194965e-02
-2.102332528748474e-02
-2.102332528748474e-02
-1.484331351666886e-04
-1.317721179745254e-03
-1.266687008471327e-03
-1.317721179745254e-03
-1.266687008471327e-03
1.884254282083404e-03
-6.967720362168153e-04
-6.967720362168153e-04
-6.950576578449097e-04
-6.950576578449097e-04
1.317721179745254e-03
-1.266687008471327e-03
-1.484331351666886e-04
-6.967720362168153e-04
-6.967720362168153e-04
-6.950576578449097e-04
-6.950576578449097e-04
-1.317721179745254e-03
-1.266687008471327e-03
1.317721179745254e-03
-1.266687008471327e-03
1.769818260280265e-04
1.769818260280265e-04
2.247026889810430e-03
1.884254282083404e-03
-1.560350319886968e-02
1.560350319886968e-02
-2.012710654194965e-02
-1.769818260280265e-04
1.769818260280265e-04
2.247026889810430e-03
1.560350319886968e-02
-1.560350319886968e-02
-2.012710654194965e-02
1.769818260280265e-04
-1.769818260280265e-04
2.247026889810430e-03
1.894828596202557e-04
1.894828596202557e-04
1.894828596202557e-04
1.894828596202557e-04
1.894828596202557e-04
1.894828596202557e-04
1.894828596202557e-04
1.894828596202557e-04
1.769818260280265e-04
-1.769818260280265e-04
2.247026889810430e-03
1.560350319886968e-02
-1.560350319886968e-02
-2.012710654194965e-02
-5.969993154469828e-04
-5.969993154469828e-04
-5.969993154469828e-04
-5.969993154469828e-04
6.967720362168153e-04
6.967720362168153e-04
-6.950576578449097e-04
-6.950576578449097e-04
3.275990028312875e-04
3.275990028312875e-04
3.275990028312875e-04
3.275990028312875e-04
-6.967720362168153e-04
-6.967720362168153e-04
-6.950576578449097e-04
-6.950576578449097e-04
-6.967720362168153e-04
-6.967720362168153e-04
-6.950576578449097e-04
-6.950576578449097e-04
1.560350319886968e-02
1.560350319886968e-02
-2.012710654194965e-02
